{
  "camera_angle_x": 2.0943951023931953,
  "camera_angle_y": 2.0943951023931953,
  "fl_x": 295.6033378250885,
  "fl_y": 207.84609690826534,
  "k1": 0,
  "k2": 0,
  "k3": 0,
  "k4": 0,
  "p1": 0,
  "p2": 0,
  "is_fisheye": false,
  "cx": 512.0,
  "cy": 360.0,
  "w": 1024,
  "h": 720,
  "scale": 0.02,
  "offset": [
    0.5,
    0.5,
    0.7
  ],
  "aabb_scale": 4,
  "frames": [
    {
      "file_path": "./images/0.png",
      "sharpness": 291.2636341687029,
      "transform_matrix": [
        [
          0.0,
          -0.999,
          -0.05,
          1.0
        ],
        [
          1.0,
          -0.0,
          -0.0,
          0.0
        ],
        [
          -0.0,
          -0.05,
          0.999,
          -0.0
        ],
        [
          0.0,
          0.0,
          0.0,
          1.0
        ]
      ]
    },
    {
      "file_path": "./images/1.png",
      "sharpness": 325.71042307633127,
      "transform_matrix": [
        [
          0.0,
          -0.999,
          -0.05,
          1.02
        ],
        [
          1.0,
          -0.0,
          -0.0,
          0.0
        ],
        [
          -0.0,
          -0.05,
          0.999,
          -0.408
        ],
        [
          0.0,
          0.0,
          0.0,
          1.0
        ]
      ]
    },
    {
      "file_path": "./images/2.png",
      "sharpness": 347.92174124559114,
      "transform_matrix": [
        [
          0.0,
          -0.999,
          -0.05,
          1.041
        ],
        [
          1.0,
          -0.0,
          -0.0,
          0.0
        ],
        [
          -0.0,
          -0.05,
          0.999,
          -0.816
        ],
        [
          0.0,
          0.0,
          0.0,
          1.0
        ]
      ]
    },
    {
      "file_path": "./images/3.png",
      "sharpness": 360.5319495596612,
      "transform_matrix": [
        [
          0.0,
          -0.999,
          -0.05,
          1.061
        ],
        [
          1.0,
          -0.0,
          -0.0,
          0.0
        ],
        [
          -0.0,
          -0.05,
          0.999,
          -1.224
        ],
        [
          0.0,
          0.0,
          0.0,
          1.0
        ]
      ]
    },
    {
      "file_path": "./images/4.png",
      "sharpness": 390.8047684879296,
      "transform_matrix": [
        [
          0.0,
          -0.999,
          -0.05,
          1.082
        ],
        [
          1.0,
          -0.0,
          -0.0,
          0.0
        ],
        [
          -0.0,
          -0.05,
          0.999,
          -1.633
        ],
        [
          0.0,
          0.0,
          0.0,
          1.0
        ]
      ]
    },
    {
      "file_path": "./images/5.png",
      "sharpness": 471.22999995551874,
      "transform_matrix": [
        [
          0.0,
          -0.999,
          -0.05,
          1.102
        ],
        [
          1.0,
          -0.0,
          -0.0,
          0.0
        ],
        [
          -0.0,
          -0.05,
          0.999,
          -2.041
        ],
        [
          0.0,
          0.0,
          0.0,
          1.0
        ]
      ]
    },
    {
      "file_path": "./images/6.png",
      "sharpness": 540.2646938410265,
      "transform_matrix": [
        [
          0.0,
          -0.999,
          -0.05,
          1.122
        ],
        [
          1.0,
          -0.0,
          -0.0,
          0.0
        ],
        [
          -0.0,
          -0.05,
          0.999,
          -2.449
        ],
        [
          0.0,
          0.0,
          0.0,
          1.0
        ]
      ]
    },
    {
      "file_path": "./images/7.png",
      "sharpness": 543.1042436426674,
      "transform_matrix": [
        [
          0.0,
          -0.999,
          -0.05,
          1.143
        ],
        [
          1.0,
          -0.0,
          -0.0,
          0.0
        ],
        [
          -0.0,
          -0.05,
          0.999,
          -2.857
        ],
        [
          0.0,
          0.0,
          0.0,
          1.0
        ]
      ]
    },
    {
      "file_path": "./images/8.png",
      "sharpness": 648.2488629093796,
      "transform_matrix": [
        [
          0.0,
          -0.999,
          -0.05,
          1.163
        ],
        [
          1.0,
          -0.0,
          -0.0,
          0.0
        ],
        [
          -0.0,
          -0.05,
          0.999,
          -3.265
        ],
        [
          0.0,
          0.0,
          0.0,
          1.0
        ]
      ]
    },
    {
      "file_path": "./images/9.png",
      "sharpness": 588.6278870162372,
      "transform_matrix": [
        [
          0.0,
          -0.999,
          -0.05,
          1.184
        ],
        [
          1.0,
          -0.0,
          -0.0,
          0.0
        ],
        [
          -0.0,
          -0.05,
          0.999,
          -3.673
        ],
        [
          0.0,
          0.0,
          0.0,
          1.0
        ]
      ]
    },
    {
      "file_path": "./images/10.png",
      "sharpness": 660.9544084332966,
      "transform_matrix": [
        [
          0.0,
          -0.999,
          -0.05,
          1.204
        ],
        [
          1.0,
          -0.0,
          -0.0,
          0.0
        ],
        [
          -0.0,
          -0.05,
          0.999,
          -4.082
        ],
        [
          0.0,
          0.0,
          0.0,
          1.0
        ]
      ]
    },
    {
      "file_path": "./images/11.png",
      "sharpness": 709.5296487928579,
      "transform_matrix": [
        [
          0.0,
          -0.999,
          -0.05,
          1.224
        ],
        [
          1.0,
          -0.0,
          -0.0,
          0.0
        ],
        [
          -0.0,
          -0.05,
          0.999,
          -4.49
        ],
        [
          0.0,
          0.0,
          0.0,
          1.0
        ]
      ]
    },
    {
      "file_path": "./images/12.png",
      "sharpness": 739.6869701643707,
      "transform_matrix": [
        [
          0.0,
          -0.999,
          -0.05,
          1.245
        ],
        [
          1.0,
          -0.0,
          -0.0,
          0.0
        ],
        [
          -0.0,
          -0.05,
          0.999,
          -4.898
        ],
        [
          0.0,
          0.0,
          0.0,
          1.0
        ]
      ]
    },
    {
      "file_path": "./images/13.png",
      "sharpness": 708.9602144581446,
      "transform_matrix": [
        [
          0.0,
          -0.999,
          -0.05,
          1.265
        ],
        [
          1.0,
          -0.0,
          -0.0,
          0.0
        ],
        [
          -0.0,
          -0.05,
          0.999,
          -5.306
        ],
        [
          0.0,
          0.0,
          0.0,
          1.0
        ]
      ]
    },
    {
      "file_path": "./images/14.png",
      "sharpness": 768.6858769731433,
      "transform_matrix": [
        [
          0.0,
          -0.999,
          -0.05,
          1.286
        ],
        [
          1.0,
          -0.0,
          -0.0,
          0.0
        ],
        [
          -0.0,
          -0.05,
          0.999,
          -5.714
        ],
        [
          0.0,
          0.0,
          0.0,
          1.0
        ]
      ]
    },
    {
      "file_path": "./images/15.png",
      "sharpness": 798.4809991547643,
      "transform_matrix": [
        [
          0.0,
          -0.999,
          -0.05,
          1.306
        ],
        [
          1.0,
          -0.0,
          -0.0,
          0.0
        ],
        [
          -0.0,
          -0.05,
          0.999,
          -6.122
        ],
        [
          0.0,
          0.0,
          0.0,
          1.0
        ]
      ]
    },
    {
      "file_path": "./images/16.png",
      "sharpness": 777.0892017221921,
      "transform_matrix": [
        [
          0.0,
          -0.999,
          -0.05,
          1.327
        ],
        [
          1.0,
          -0.0,
          -0.0,
          0.0
        ],
        [
          -0.0,
          -0.05,
          0.999,
          -6.531
        ],
        [
          0.0,
          0.0,
          0.0,
          1.0
        ]
      ]
    },
    {
      "file_path": "./images/17.png",
      "sharpness": 686.9633630041214,
      "transform_matrix": [
        [
          0.0,
          -0.999,
          -0.05,
          1.347
        ],
        [
          1.0,
          -0.0,
          -0.0,
          0.0
        ],
        [
          -0.0,
          -0.05,
          0.999,
          -6.939
        ],
        [
          0.0,
          0.0,
          0.0,
          1.0
        ]
      ]
    },
    {
      "file_path": "./images/18.png",
      "sharpness": 672.1618569615911,
      "transform_matrix": [
        [
          0.0,
          -0.999,
          -0.05,
          1.367
        ],
        [
          1.0,
          -0.0,
          -0.0,
          0.0
        ],
        [
          -0.0,
          -0.05,
          0.999,
          -7.347
        ],
        [
          0.0,
          0.0,
          0.0,
          1.0
        ]
      ]
    },
    {
      "file_path": "./images/19.png",
      "sharpness": 695.4036390594033,
      "transform_matrix": [
        [
          0.0,
          -0.999,
          -0.05,
          1.388
        ],
        [
          1.0,
          -0.0,
          -0.0,
          0.0
        ],
        [
          -0.0,
          -0.05,
          0.999,
          -7.755
        ],
        [
          0.0,
          0.0,
          0.0,
          1.0
        ]
      ]
    },
    {
      "file_path": "./images/20.png",
      "sharpness": 735.7786391465598,
      "transform_matrix": [
        [
          0.0,
          -0.999,
          -0.05,
          1.408
        ],
        [
          1.0,
          -0.0,
          -0.0,
          0.0
        ],
        [
          -0.0,
          -0.05,
          0.999,
          -8.163
        ],
        [
          0.0,
          0.0,
          0.0,
          1.0
        ]
      ]
    },
    {
      "file_path": "./images/21.png",
      "sharpness": 732.5583902102957,
      "transform_matrix": [
        [
          0.0,
          -0.999,
          -0.05,
          1.429
        ],
        [
          1.0,
          -0.0,
          -0.0,
          0.0
        ],
        [
          -0.0,
          -0.05,
          0.999,
          -8.571
        ],
        [
          0.0,
          0.0,
          0.0,
          1.0
        ]
      ]
    },
    {
      "file_path": "./images/22.png",
      "sharpness": 633.1055721233488,
      "transform_matrix": [
        [
          0.0,
          -0.999,
          -0.05,
          1.449
        ],
        [
          1.0,
          -0.0,
          -0.0,
          0.0
        ],
        [
          -0.0,
          -0.05,
          0.999,
          -8.98
        ],
        [
          0.0,
          0.0,
          0.0,
          1.0
        ]
      ]
    },
    {
      "file_path": "./images/23.png",
      "sharpness": 641.2749444932239,
      "transform_matrix": [
        [
          0.0,
          -0.999,
          -0.05,
          1.469
        ],
        [
          1.0,
          -0.0,
          -0.0,
          0.0
        ],
        [
          -0.0,
          -0.05,
          0.999,
          -9.388
        ],
        [
          0.0,
          0.0,
          0.0,
          1.0
        ]
      ]
    },
    {
      "file_path": "./images/24.png",
      "sharpness": 686.3372104713069,
      "transform_matrix": [
        [
          0.0,
          -0.999,
          -0.05,
          1.49
        ],
        [
          1.0,
          -0.0,
          -0.0,
          0.0
        ],
        [
          -0.0,
          -0.05,
          0.999,
          -9.796
        ],
        [
          0.0,
          0.0,
          0.0,
          1.0
        ]
      ]
    },
    {
      "file_path": "./images/25.png",
      "sharpness": 664.3453636387904,
      "transform_matrix": [
        [
          0.0,
          -0.999,
          -0.05,
          1.51
        ],
        [
          1.0,
          -0.0,
          -0.0,
          0.0
        ],
        [
          -0.0,
          -0.05,
          0.999,
          -10.204
        ],
        [
          0.0,
          0.0,
          0.0,
          1.0
        ]
      ]
    },
    {
      "file_path": "./images/26.png",
      "sharpness": 626.1001850134775,
      "transform_matrix": [
        [
          0.0,
          -0.999,
          -0.05,
          1.531
        ],
        [
          1.0,
          -0.0,
          -0.0,
          0.0
        ],
        [
          -0.0,
          -0.05,
          0.999,
          -10.612
        ],
        [
          0.0,
          0.0,
          0.0,
          1.0
        ]
      ]
    },
    {
      "file_path": "./images/27.png",
      "sharpness": 511.693172770904,
      "transform_matrix": [
        [
          0.0,
          -0.999,
          -0.05,
          1.551
        ],
        [
          1.0,
          -0.0,
          -0.0,
          0.0
        ],
        [
          -0.0,
          -0.05,
          0.999,
          -11.02
        ],
        [
          0.0,
          0.0,
          0.0,
          1.0
        ]
      ]
    },
    {
      "file_path": "./images/28.png",
      "sharpness": 517.4008551934471,
      "transform_matrix": [
        [
          0.0,
          -0.999,
          -0.05,
          1.571
        ],
        [
          1.0,
          -0.0,
          -0.0,
          0.0
        ],
        [
          -0.0,
          -0.05,
          0.999,
          -11.429
        ],
        [
          0.0,
          0.0,
          0.0,
          1.0
        ]
      ]
    },
    {
      "file_path": "./images/29.png",
      "sharpness": 483.2843811452126,
      "transform_matrix": [
        [
          0.0,
          -0.999,
          -0.05,
          1.592
        ],
        [
          1.0,
          -0.0,
          -0.0,
          0.0
        ],
        [
          -0.0,
          -0.05,
          0.999,
          -11.837
        ],
        [
          0.0,
          0.0,
          0.0,
          1.0
        ]
      ]
    },
    {
      "file_path": "./images/30.png",
      "sharpness": 509.45010408879,
      "transform_matrix": [
        [
          0.0,
          -0.999,
          -0.05,
          1.612
        ],
        [
          1.0,
          -0.0,
          -0.0,
          0.0
        ],
        [
          -0.0,
          -0.05,
          0.999,
          -12.245
        ],
        [
          0.0,
          0.0,
          0.0,
          1.0
        ]
      ]
    },
    {
      "file_path": "./images/31.png",
      "sharpness": 432.09086501370746,
      "transform_matrix": [
        [
          0.0,
          -0.999,
          -0.05,
          1.633
        ],
        [
          1.0,
          -0.0,
          -0.0,
          0.0
        ],
        [
          -0.0,
          -0.05,
          0.999,
          -12.653
        ],
        [
          0.0,
          0.0,
          0.0,
          1.0
        ]
      ]
    },
    {
      "file_path": "./images/32.png",
      "sharpness": 379.6110177402387,
      "transform_matrix": [
        [
          0.0,
          -0.999,
          -0.05,
          1.653
        ],
        [
          1.0,
          -0.0,
          -0.0,
          0.0
        ],
        [
          -0.0,
          -0.05,
          0.999,
          -13.061
        ],
        [
          0.0,
          0.0,
          0.0,
          1.0
        ]
      ]
    },
    {
      "file_path": "./images/33.png",
      "sharpness": 322.7742667027002,
      "transform_matrix": [
        [
          0.0,
          -0.999,
          -0.05,
          1.673
        ],
        [
          1.0,
          -0.0,
          -0.0,
          0.0
        ],
        [
          -0.0,
          -0.05,
          0.999,
          -13.469
        ],
        [
          0.0,
          0.0,
          0.0,
          1.0
        ]
      ]
    },
    {
      "file_path": "./images/34.png",
      "sharpness": 296.00481479099994,
      "transform_matrix": [
        [
          0.0,
          -0.999,
          -0.05,
          1.694
        ],
        [
          1.0,
          -0.0,
          -0.0,
          0.0
        ],
        [
          -0.0,
          -0.05,
          0.999,
          -13.878
        ],
        [
          0.0,
          0.0,
          0.0,
          1.0
        ]
      ]
    },
    {
      "file_path": "./images/35.png",
      "sharpness": 247.34297854449915,
      "transform_matrix": [
        [
          0.0,
          -0.999,
          -0.05,
          1.714
        ],
        [
          1.0,
          -0.0,
          -0.0,
          0.0
        ],
        [
          -0.0,
          -0.05,
          0.999,
          -14.286
        ],
        [
          0.0,
          0.0,
          0.0,
          1.0
        ]
      ]
    },
    {
      "file_path": "./images/36.png",
      "sharpness": 262.1290958353161,
      "transform_matrix": [
        [
          0.0,
          -0.999,
          -0.05,
          1.735
        ],
        [
          1.0,
          -0.0,
          -0.0,
          0.0
        ],
        [
          -0.0,
          -0.05,
          0.999,
          -14.694
        ],
        [
          0.0,
          0.0,
          0.0,
          1.0
        ]
      ]
    },
    {
      "file_path": "./images/37.png",
      "sharpness": 255.08367370573444,
      "transform_matrix": [
        [
          0.0,
          -0.999,
          -0.05,
          1.755
        ],
        [
          1.0,
          -0.0,
          -0.0,
          0.0
        ],
        [
          -0.0,
          -0.05,
          0.999,
          -15.102
        ],
        [
          0.0,
          0.0,
          0.0,
          1.0
        ]
      ]
    },
    {
      "file_path": "./images/38.png",
      "sharpness": 213.00855334308562,
      "transform_matrix": [
        [
          0.0,
          -0.999,
          -0.05,
          1.776
        ],
        [
          1.0,
          -0.0,
          -0.0,
          0.0
        ],
        [
          -0.0,
          -0.05,
          0.999,
          -15.51
        ],
        [
          0.0,
          0.0,
          0.0,
          1.0
        ]
      ]
    },
    {
      "file_path": "./images/39.png",
      "sharpness": 198.805087222152,
      "transform_matrix": [
        [
          0.0,
          -0.999,
          -0.05,
          1.796
        ],
        [
          1.0,
          -0.0,
          -0.0,
          0.0
        ],
        [
          -0.0,
          -0.05,
          0.999,
          -15.918
        ],
        [
          0.0,
          0.0,
          0.0,
          1.0
        ]
      ]
    },
    {
      "file_path": "./images/40.png",
      "sharpness": 183.18214107680797,
      "transform_matrix": [
        [
          0.0,
          -0.999,
          -0.05,
          1.816
        ],
        [
          1.0,
          -0.0,
          -0.0,
          0.0
        ],
        [
          -0.0,
          -0.05,
          0.999,
          -16.327
        ],
        [
          0.0,
          0.0,
          0.0,
          1.0
        ]
      ]
    },
    {
      "file_path": "./images/41.png",
      "sharpness": 171.91633463521157,
      "transform_matrix": [
        [
          0.0,
          -0.999,
          -0.05,
          1.837
        ],
        [
          1.0,
          -0.0,
          -0.0,
          0.0
        ],
        [
          -0.0,
          -0.05,
          0.999,
          -16.735
        ],
        [
          0.0,
          0.0,
          0.0,
          1.0
        ]
      ]
    },
    {
      "file_path": "./images/42.png",
      "sharpness": 160.1922997395685,
      "transform_matrix": [
        [
          0.0,
          -0.999,
          -0.05,
          1.857
        ],
        [
          1.0,
          -0.0,
          -0.0,
          0.0
        ],
        [
          -0.0,
          -0.05,
          0.999,
          -17.143
        ],
        [
          0.0,
          0.0,
          0.0,
          1.0
        ]
      ]
    },
    {
      "file_path": "./images/43.png",
      "sharpness": 171.18897448622513,
      "transform_matrix": [
        [
          0.0,
          -0.999,
          -0.05,
          1.878
        ],
        [
          1.0,
          -0.0,
          -0.0,
          0.0
        ],
        [
          -0.0,
          -0.05,
          0.999,
          -17.551
        ],
        [
          0.0,
          0.0,
          0.0,
          1.0
        ]
      ]
    },
    {
      "file_path": "./images/44.png",
      "sharpness": 173.67431569078224,
      "transform_matrix": [
        [
          0.0,
          -0.999,
          -0.05,
          1.898
        ],
        [
          1.0,
          -0.0,
          -0.0,
          0.0
        ],
        [
          -0.0,
          -0.05,
          0.999,
          -17.959
        ],
        [
          0.0,
          0.0,
          0.0,
          1.0
        ]
      ]
    },
    {
      "file_path": "./images/45.png",
      "sharpness": 173.58151748375815,
      "transform_matrix": [
        [
          0.0,
          -0.999,
          -0.05,
          1.918
        ],
        [
          1.0,
          -0.0,
          -0.0,
          0.0
        ],
        [
          -0.0,
          -0.05,
          0.999,
          -18.367
        ],
        [
          0.0,
          0.0,
          0.0,
          1.0
        ]
      ]
    },
    {
      "file_path": "./images/46.png",
      "sharpness": 166.45308761751204,
      "transform_matrix": [
        [
          0.0,
          -0.999,
          -0.05,
          1.939
        ],
        [
          1.0,
          -0.0,
          -0.0,
          0.0
        ],
        [
          -0.0,
          -0.05,
          0.999,
          -18.776
        ],
        [
          0.0,
          0.0,
          0.0,
          1.0
        ]
      ]
    },
    {
      "file_path": "./images/47.png",
      "sharpness": 171.20480323676995,
      "transform_matrix": [
        [
          0.0,
          -0.999,
          -0.05,
          1.959
        ],
        [
          1.0,
          -0.0,
          -0.0,
          0.0
        ],
        [
          -0.0,
          -0.05,
          0.999,
          -19.184
        ],
        [
          0.0,
          0.0,
          0.0,
          1.0
        ]
      ]
    },
    {
      "file_path": "./images/48.png",
      "sharpness": 179.5213283714701,
      "transform_matrix": [
        [
          0.0,
          -0.999,
          -0.05,
          1.98
        ],
        [
          1.0,
          -0.0,
          -0.0,
          0.0
        ],
        [
          -0.0,
          -0.05,
          0.999,
          -19.592
        ],
        [
          0.0,
          0.0,
          0.0,
          1.0
        ]
      ]
    },
    {
      "file_path": "./images/49.png",
      "sharpness": 187.98557867744773,
      "transform_matrix": [
        [
          0.0,
          -1.0,
          -0.0,
          2.0
        ],
        [
          1.0,
          -0.0,
          -0.0,
          0.0
        ],
        [
          -0.0,
          0.0,
          1.0,
          -20.0
        ],
        [
          0.0,
          0.0,
          0.0,
          1.0
        ]
      ]
    }
  ]
}