{
  "camera_angle_x": 2.0943951023931953,
  "camera_angle_y": 2.0943951023931953,
  "fl_x": 295.6033378250885,
  "fl_y": 207.84609690826534,
  "k1": 0,
  "k2": 0,
  "k3": 0,
  "k4": 0,
  "p1": 0,
  "p2": 0,
  "is_fisheye": false,
  "cx": 512.0,
  "cy": 360.0,
  "w": 1024,
  "h": 720,
  "scale": 0.02,
  "offset": [
    0.24,
    -1.0000007999999998,
    1.1
  ],
  "aabb_scale": 4,
  "frames": [
    {
      "file_path": "./images/0.png",
      "sharpness": 225.41478394995553,
      "transform_matrix": [
        [
          0.0,
          -0.995,
          0.1,
          12.0
        ],
        [
          0.0,
          0.1,
          0.995,
          145.0
        ],
        [
          -1.0,
          0.0,
          0.0,
          -30.0
        ],
        [
          0.0,
          0.0,
          0.0,
          1.0
        ]
      ]
    },
    {
      "file_path": "./images/1.png",
      "sharpness": 246.38707504548663,
      "transform_matrix": [
        [
          0.0,
          -0.995,
          0.1,
          12.0
        ],
        [
          -0.125,
          0.099,
          0.987,
          144.448
        ],
        [
          -0.992,
          -0.012,
          -0.125,
          -38.773
        ],
        [
          0.0,
          0.0,
          0.0,
          1.0
        ]
      ]
    },
    {
      "file_path": "./images/2.png",
      "sharpness": 219.68894646334346,
      "transform_matrix": [
        [
          0.0,
          -0.995,
          0.1,
          12.0
        ],
        [
          -0.249,
          0.096,
          0.964,
          142.801
        ],
        [
          -0.969,
          -0.025,
          -0.247,
          -47.408
        ],
        [
          0.0,
          0.0,
          0.0,
          1.0
        ]
      ]
    },
    {
      "file_path": "./images/3.png",
      "sharpness": 201.1060020490398,
      "transform_matrix": [
        [
          0.0,
          -0.995,
          0.1,
          12.0
        ],
        [
          -0.368,
          0.093,
          0.925,
          140.084
        ],
        [
          -0.93,
          -0.037,
          -0.366,
          -55.769
        ],
        [
          0.0,
          0.0,
          0.0,
          1.0
        ]
      ]
    },
    {
      "file_path": "./images/4.png",
      "sharpness": 211.16898016963222,
      "transform_matrix": [
        [
          0.0,
          -0.995,
          0.1,
          12.0
        ],
        [
          -0.482,
          0.087,
          0.872,
          136.342
        ],
        [
          -0.876,
          -0.048,
          -0.479,
          -63.723
        ],
        [
          0.0,
          0.0,
          0.0,
          1.0
        ]
      ]
    },
    {
      "file_path": "./images/5.png",
      "sharpness": 168.17681838682174,
      "transform_matrix": [
        [
          0.0,
          -0.995,
          0.1,
          12.0
        ],
        [
          -0.588,
          0.081,
          0.805,
          131.631
        ],
        [
          -0.809,
          -0.058,
          -0.585,
          -71.145
        ],
        [
          0.0,
          0.0,
          0.0,
          1.0
        ]
      ]
    },
    {
      "file_path": "./images/6.png",
      "sharpness": 187.85069438722894,
      "transform_matrix": [
        [
          0.0,
          -0.995,
          0.1,
          12.0
        ],
        [
          -0.685,
          0.073,
          0.725,
          126.028
        ],
        [
          -0.729,
          -0.068,
          -0.681,
          -77.918
        ],
        [
          0.0,
          0.0,
          0.0,
          1.0
        ]
      ]
    },
    {
      "file_path": "./images/7.png",
      "sharpness": 174.4761327920571,
      "transform_matrix": [
        [
          0.0,
          -0.995,
          0.1,
          12.0
        ],
        [
          -0.771,
          0.063,
          0.634,
          119.62
        ],
        [
          -0.637,
          -0.077,
          -0.767,
          -83.936
        ],
        [
          0.0,
          0.0,
          0.0,
          1.0
        ]
      ]
    },
    {
      "file_path": "./images/8.png",
      "sharpness": 238.21811985467042,
      "transform_matrix": [
        [
          0.0,
          -0.995,
          0.1,
          12.0
        ],
        [
          -0.844,
          0.053,
          0.533,
          112.508
        ],
        [
          -0.536,
          -0.084,
          -0.84,
          -89.103
        ],
        [
          0.0,
          0.0,
          0.0,
          1.0
        ]
      ]
    },
    {
      "file_path": "./images/9.png",
      "sharpness": 237.5784803259774,
      "transform_matrix": [
        [
          0.0,
          -0.995,
          0.1,
          12.0
        ],
        [
          -0.905,
          0.042,
          0.424,
          104.805
        ],
        [
          -0.426,
          -0.09,
          -0.9,
          -93.338
        ],
        [
          0.0,
          0.0,
          0.0,
          1.0
        ]
      ]
    },
    {
      "file_path": "./images/10.png",
      "sharpness": 217.79576131273785,
      "transform_matrix": [
        [
          0.0,
          -0.995,
          0.1,
          12.0
        ],
        [
          -0.951,
          0.031,
          0.307,
          96.631
        ],
        [
          -0.309,
          -0.095,
          -0.946,
          -96.574
        ],
        [
          0.0,
          0.0,
          0.0,
          1.0
        ]
      ]
    },
    {
      "file_path": "./images/11.png",
      "sharpness": 191.02078445983418,
      "transform_matrix": [
        [
          0.0,
          -0.995,
          0.1,
          12.0
        ],
        [
          -0.982,
          0.019,
          0.186,
          88.117
        ],
        [
          -0.187,
          -0.098,
          -0.977,
          -98.76
        ],
        [
          0.0,
          0.0,
          0.0,
          1.0
        ]
      ]
    },
    {
      "file_path": "./images/12.png",
      "sharpness": 207.6248992779038,
      "transform_matrix": [
        [
          0.0,
          -0.995,
          0.1,
          12.0
        ],
        [
          -0.998,
          0.006,
          0.062,
          79.395
        ],
        [
          -0.063,
          -0.099,
          -0.993,
          -99.862
        ],
        [
          0.0,
          0.0,
          0.0,
          1.0
        ]
      ]
    },
    {
      "file_path": "./images/13.png",
      "sharpness": 226.30279864650956,
      "transform_matrix": [
        [
          0.0,
          -0.995,
          0.1,
          12.0
        ],
        [
          -0.998,
          -0.006,
          -0.062,
          70.605
        ],
        [
          0.063,
          -0.099,
          -0.993,
          -99.862
        ],
        [
          0.0,
          0.0,
          0.0,
          1.0
        ]
      ]
    },
    {
      "file_path": "./images/14.png",
      "sharpness": 234.3209410171467,
      "transform_matrix": [
        [
          0.0,
          -0.995,
          0.1,
          12.0
        ],
        [
          -0.982,
          -0.019,
          -0.186,
          61.883
        ],
        [
          0.187,
          -0.098,
          -0.977,
          -98.76
        ],
        [
          0.0,
          0.0,
          0.0,
          1.0
        ]
      ]
    },
    {
      "file_path": "./images/15.png",
      "sharpness": 217.47562122182813,
      "transform_matrix": [
        [
          0.0,
          -0.995,
          0.1,
          12.0
        ],
        [
          -0.951,
          -0.031,
          -0.307,
          53.369
        ],
        [
          0.309,
          -0.095,
          -0.946,
          -96.574
        ],
        [
          0.0,
          0.0,
          0.0,
          1.0
        ]
      ]
    },
    {
      "file_path": "./images/16.png",
      "sharpness": 216.54735976091985,
      "transform_matrix": [
        [
          0.0,
          -0.995,
          0.1,
          12.0
        ],
        [
          -0.905,
          -0.042,
          -0.424,
          45.195
        ],
        [
          0.426,
          -0.09,
          -0.9,
          -93.338
        ],
        [
          0.0,
          0.0,
          0.0,
          1.0
        ]
      ]
    },
    {
      "file_path": "./images/17.png",
      "sharpness": 278.42399816385125,
      "transform_matrix": [
        [
          0.0,
          -0.995,
          0.1,
          12.0
        ],
        [
          -0.844,
          -0.053,
          -0.533,
          37.492
        ],
        [
          0.536,
          -0.084,
          -0.84,
          -89.103
        ],
        [
          0.0,
          0.0,
          0.0,
          1.0
        ]
      ]
    },
    {
      "file_path": "./images/18.png",
      "sharpness": 382.796658950379,
      "transform_matrix": [
        [
          0.0,
          -0.995,
          0.1,
          12.0
        ],
        [
          -0.771,
          -0.063,
          -0.634,
          30.38
        ],
        [
          0.637,
          -0.077,
          -0.767,
          -83.936
        ],
        [
          0.0,
          0.0,
          0.0,
          1.0
        ]
      ]
    },
    {
      "file_path": "./images/19.png",
      "sharpness": 433.5833949955753,
      "transform_matrix": [
        [
          0.0,
          -0.995,
          0.1,
          12.0
        ],
        [
          -0.685,
          -0.073,
          -0.725,
          23.972
        ],
        [
          0.729,
          -0.068,
          -0.681,
          -77.918
        ],
        [
          0.0,
          0.0,
          0.0,
          1.0
        ]
      ]
    },
    {
      "file_path": "./images/20.png",
      "sharpness": 643.4857494240734,
      "transform_matrix": [
        [
          0.0,
          -0.995,
          0.1,
          12.0
        ],
        [
          -0.588,
          -0.081,
          -0.805,
          18.369
        ],
        [
          0.809,
          -0.058,
          -0.585,
          -71.145
        ],
        [
          0.0,
          0.0,
          0.0,
          1.0
        ]
      ]
    },
    {
      "file_path": "./images/21.png",
      "sharpness": 1067.8459049462033,
      "transform_matrix": [
        [
          0.0,
          -0.995,
          0.1,
          12.0
        ],
        [
          -0.482,
          -0.087,
          -0.872,
          13.659
        ],
        [
          0.876,
          -0.048,
          -0.479,
          -63.723
        ],
        [
          0.0,
          0.0,
          0.0,
          1.0
        ]
      ]
    },
    {
      "file_path": "./images/22.png",
      "sharpness": 1260.005642777708,
      "transform_matrix": [
        [
          0.0,
          -0.995,
          0.1,
          12.0
        ],
        [
          -0.368,
          -0.093,
          -0.925,
          9.916
        ],
        [
          0.93,
          -0.037,
          -0.366,
          -55.769
        ],
        [
          0.0,
          0.0,
          0.0,
          1.0
        ]
      ]
    },
    {
      "file_path": "./images/23.png",
      "sharpness": 1154.1413374007648,
      "transform_matrix": [
        [
          0.0,
          -0.995,
          0.1,
          12.0
        ],
        [
          -0.249,
          -0.096,
          -0.964,
          7.199
        ],
        [
          0.969,
          -0.025,
          -0.247,
          -47.408
        ],
        [
          0.0,
          0.0,
          0.0,
          1.0
        ]
      ]
    },
    {
      "file_path": "./images/24.png",
      "sharpness": 755.7275848701863,
      "transform_matrix": [
        [
          0.0,
          -0.995,
          0.1,
          12.0
        ],
        [
          -0.125,
          -0.099,
          -0.987,
          5.552
        ],
        [
          0.992,
          -0.012,
          -0.125,
          -38.773
        ],
        [
          0.0,
          0.0,
          0.0,
          1.0
        ]
      ]
    },
    {
      "file_path": "./images/25.png",
      "sharpness": 456.82603761179627,
      "transform_matrix": [
        [
          0.0,
          -0.995,
          0.1,
          12.0
        ],
        [
          0.0,
          -0.1,
          -0.995,
          5.0
        ],
        [
          1.0,
          0.0,
          0.0,
          -30.0
        ],
        [
          0.0,
          0.0,
          0.0,
          1.0
        ]
      ]
    },
    {
      "file_path": "./images/26.png",
      "sharpness": 395.0699652282805,
      "transform_matrix": [
        [
          0.0,
          -0.995,
          0.1,
          12.0
        ],
        [
          0.125,
          -0.099,
          -0.987,
          5.552
        ],
        [
          0.992,
          0.012,
          0.125,
          -21.227
        ],
        [
          0.0,
          0.0,
          0.0,
          1.0
        ]
      ]
    },
    {
      "file_path": "./images/27.png",
      "sharpness": 417.9763798641924,
      "transform_matrix": [
        [
          0.0,
          -0.995,
          0.1,
          12.0
        ],
        [
          0.249,
          -0.096,
          -0.964,
          7.199
        ],
        [
          0.969,
          0.025,
          0.247,
          -12.592
        ],
        [
          0.0,
          0.0,
          0.0,
          1.0
        ]
      ]
    },
    {
      "file_path": "./images/28.png",
      "sharpness": 478.5150203977159,
      "transform_matrix": [
        [
          0.0,
          -0.995,
          0.1,
          12.0
        ],
        [
          0.368,
          -0.093,
          -0.925,
          9.916
        ],
        [
          0.93,
          0.037,
          0.366,
          -4.231
        ],
        [
          0.0,
          0.0,
          0.0,
          1.0
        ]
      ]
    },
    {
      "file_path": "./images/29.png",
      "sharpness": 374.0416370841757,
      "transform_matrix": [
        [
          0.0,
          -0.995,
          0.1,
          12.0
        ],
        [
          0.482,
          -0.087,
          -0.872,
          13.659
        ],
        [
          0.876,
          0.048,
          0.479,
          3.723
        ],
        [
          0.0,
          0.0,
          0.0,
          1.0
        ]
      ]
    },
    {
      "file_path": "./images/30.png",
      "sharpness": 199.58033303536664,
      "transform_matrix": [
        [
          0.0,
          -0.995,
          0.1,
          12.0
        ],
        [
          0.588,
          -0.081,
          -0.805,
          18.369
        ],
        [
          0.809,
          0.058,
          0.585,
          11.145
        ],
        [
          0.0,
          0.0,
          0.0,
          1.0
        ]
      ]
    },
    {
      "file_path": "./images/31.png",
      "sharpness": 175.01714577788258,
      "transform_matrix": [
        [
          0.0,
          -0.995,
          0.1,
          12.0
        ],
        [
          0.685,
          -0.073,
          -0.725,
          23.972
        ],
        [
          0.729,
          0.068,
          0.681,
          17.918
        ],
        [
          0.0,
          0.0,
          0.0,
          1.0
        ]
      ]
    },
    {
      "file_path": "./images/32.png",
      "sharpness": 139.0787486971212,
      "transform_matrix": [
        [
          0.0,
          -0.995,
          0.1,
          12.0
        ],
        [
          0.771,
          -0.063,
          -0.634,
          30.38
        ],
        [
          0.637,
          0.077,
          0.767,
          23.936
        ],
        [
          0.0,
          0.0,
          0.0,
          1.0
        ]
      ]
    },
    {
      "file_path": "./images/33.png",
      "sharpness": 146.8083408582014,
      "transform_matrix": [
        [
          0.0,
          -0.995,
          0.1,
          12.0
        ],
        [
          0.844,
          -0.053,
          -0.533,
          37.492
        ],
        [
          0.536,
          0.084,
          0.84,
          29.103
        ],
        [
          0.0,
          0.0,
          0.0,
          1.0
        ]
      ]
    },
    {
      "file_path": "./images/34.png",
      "sharpness": 147.31311468650512,
      "transform_matrix": [
        [
          0.0,
          -0.995,
          0.1,
          12.0
        ],
        [
          0.905,
          -0.042,
          -0.424,
          45.195
        ],
        [
          0.426,
          0.09,
          0.9,
          33.338
        ],
        [
          0.0,
          0.0,
          0.0,
          1.0
        ]
      ]
    },
    {
      "file_path": "./images/35.png",
      "sharpness": 171.88493787775835,
      "transform_matrix": [
        [
          0.0,
          -0.995,
          0.1,
          12.0
        ],
        [
          0.951,
          -0.031,
          -0.307,
          53.369
        ],
        [
          0.309,
          0.095,
          0.946,
          36.574
        ],
        [
          0.0,
          0.0,
          0.0,
          1.0
        ]
      ]
    },
    {
      "file_path": "./images/36.png",
      "sharpness": 177.03816329678912,
      "transform_matrix": [
        [
          0.0,
          -0.995,
          0.1,
          12.0
        ],
        [
          0.982,
          -0.019,
          -0.186,
          61.883
        ],
        [
          0.187,
          0.098,
          0.977,
          38.76
        ],
        [
          0.0,
          0.0,
          0.0,
          1.0
        ]
      ]
    },
    {
      "file_path": "./images/37.png",
      "sharpness": 247.7047179975645,
      "transform_matrix": [
        [
          0.0,
          -0.995,
          0.1,
          12.0
        ],
        [
          0.998,
          -0.006,
          -0.062,
          70.605
        ],
        [
          0.063,
          0.099,
          0.993,
          39.862
        ],
        [
          0.0,
          0.0,
          0.0,
          1.0
        ]
      ]
    },
    {
      "file_path": "./images/38.png",
      "sharpness": 183.5224510838919,
      "transform_matrix": [
        [
          0.0,
          -0.995,
          0.1,
          12.0
        ],
        [
          0.998,
          0.006,
          0.062,
          79.395
        ],
        [
          -0.063,
          0.099,
          0.993,
          39.862
        ],
        [
          0.0,
          0.0,
          0.0,
          1.0
        ]
      ]
    },
    {
      "file_path": "./images/39.png",
      "sharpness": 168.1643299793905,
      "transform_matrix": [
        [
          0.0,
          -0.995,
          0.1,
          12.0
        ],
        [
          0.982,
          0.019,
          0.186,
          88.117
        ],
        [
          -0.187,
          0.098,
          0.977,
          38.76
        ],
        [
          0.0,
          0.0,
          0.0,
          1.0
        ]
      ]
    },
    {
      "file_path": "./images/40.png",
      "sharpness": 190.18895958062737,
      "transform_matrix": [
        [
          0.0,
          -0.995,
          0.1,
          12.0
        ],
        [
          0.951,
          0.031,
          0.307,
          96.631
        ],
        [
          -0.309,
          0.095,
          0.946,
          36.574
        ],
        [
          0.0,
          0.0,
          0.0,
          1.0
        ]
      ]
    },
    {
      "file_path": "./images/41.png",
      "sharpness": 169.26252135638765,
      "transform_matrix": [
        [
          0.0,
          -0.995,
          0.1,
          12.0
        ],
        [
          0.905,
          0.042,
          0.424,
          104.805
        ],
        [
          -0.426,
          0.09,
          0.9,
          33.338
        ],
        [
          0.0,
          0.0,
          0.0,
          1.0
        ]
      ]
    },
    {
      "file_path": "./images/42.png",
      "sharpness": 157.71988933174146,
      "transform_matrix": [
        [
          0.0,
          -0.995,
          0.1,
          12.0
        ],
        [
          0.844,
          0.053,
          0.533,
          112.508
        ],
        [
          -0.536,
          0.084,
          0.84,
          29.103
        ],
        [
          0.0,
          0.0,
          0.0,
          1.0
        ]
      ]
    },
    {
      "file_path": "./images/43.png",
      "sharpness": 164.94109567090868,
      "transform_matrix": [
        [
          0.0,
          -0.995,
          0.1,
          12.0
        ],
        [
          0.771,
          0.063,
          0.634,
          119.62
        ],
        [
          -0.637,
          0.077,
          0.767,
          23.936
        ],
        [
          0.0,
          0.0,
          0.0,
          1.0
        ]
      ]
    },
    {
      "file_path": "./images/44.png",
      "sharpness": 184.1704873896954,
      "transform_matrix": [
        [
          0.0,
          -0.995,
          0.1,
          12.0
        ],
        [
          0.685,
          0.073,
          0.725,
          126.028
        ],
        [
          -0.729,
          0.068,
          0.681,
          17.918
        ],
        [
          0.0,
          0.0,
          0.0,
          1.0
        ]
      ]
    },
    {
      "file_path": "./images/45.png",
      "sharpness": 166.81794877713952,
      "transform_matrix": [
        [
          0.0,
          -0.995,
          0.1,
          12.0
        ],
        [
          0.588,
          0.081,
          0.805,
          131.631
        ],
        [
          -0.809,
          0.058,
          0.585,
          11.145
        ],
        [
          0.0,
          0.0,
          0.0,
          1.0
        ]
      ]
    },
    {
      "file_path": "./images/46.png",
      "sharpness": 173.45550379213003,
      "transform_matrix": [
        [
          0.0,
          -0.995,
          0.1,
          12.0
        ],
        [
          0.482,
          0.087,
          0.872,
          136.342
        ],
        [
          -0.876,
          0.048,
          0.479,
          3.723
        ],
        [
          0.0,
          0.0,
          0.0,
          1.0
        ]
      ]
    },
    {
      "file_path": "./images/47.png",
      "sharpness": 191.5461881344307,
      "transform_matrix": [
        [
          0.0,
          -0.995,
          0.1,
          12.0
        ],
        [
          0.368,
          0.093,
          0.925,
          140.084
        ],
        [
          -0.93,
          0.037,
          0.366,
          -4.231
        ],
        [
          0.0,
          0.0,
          0.0,
          1.0
        ]
      ]
    },
    {
      "file_path": "./images/48.png",
      "sharpness": 205.50440069473552,
      "transform_matrix": [
        [
          0.0,
          -0.995,
          0.1,
          12.0
        ],
        [
          0.249,
          0.096,
          0.964,
          142.801
        ],
        [
          -0.969,
          0.025,
          0.247,
          -12.592
        ],
        [
          0.0,
          0.0,
          0.0,
          1.0
        ]
      ]
    },
    {
      "file_path": "./images/49.png",
      "sharpness": 203.4386919817766,
      "transform_matrix": [
        [
          0.0,
          -0.995,
          0.1,
          12.0
        ],
        [
          0.125,
          0.099,
          0.987,
          144.448
        ],
        [
          -0.992,
          0.012,
          0.125,
          -21.227
        ],
        [
          0.0,
          0.0,
          0.0,
          1.0
        ]
      ]
    }
  ]
}