{
  "camera_angle_x": 1.2898062878072474,
  "camera_angle_y": 1.045787312313881,
  "fl_x": 2658.892111225776,
  "fl_y": 2602.3121020081694,
  "k1": 0.060626923110040365,
  "k2": -0.05628091623315048,
  "k3": 0,
  "k4": 0,
  "p1": -0.0017641318628585174,
  "p2": -0.0017935877859227302,
  "is_fisheye": false,
  "cx": 1997.5123709081884,
  "cy": 1474.4750905934552,
  "w": 4000.0,
  "h": 3000.0,
  "aabb_scale": 32,
  "frames": [
    {
      "file_path": "./images/33.jpg",
      "sharpness": 367.82721325697344,
      "transform_matrix": [
        [
          0.9552556437101896,
          0.2896053629357404,
          -0.06012810476375284,
          -0.05786294414575267
        ],
        [
          -0.2271986195197032,
          0.5882768026456712,
          -0.7760871025586527,
          -2.88648173190001
        ],
        [
          -0.18938701778668127,
          0.7550226071265018,
          0.6277526744555652,
          2.6692727764939144
        ],
        [
          0.0,
          0.0,
          0.0,
          1.0
        ]
      ]
    },
    {
      "file_path": "./images/37.jpg",
      "sharpness": 436.98766846645094,
      "transform_matrix": [
        [
          0.26664476214725896,
          0.7496188666281219,
          -0.6057822427889349,
          -2.56216825205957
        ],
        [
          -0.9594531801502095,
          0.14686334484451696,
          -0.24058419117075536,
          -0.21371975771339255
        ],
        [
          -0.09137924229066882,
          0.6453702137534867,
          0.7583845471411648,
          2.9133325347871946
        ],
        [
          0.0,
          0.0,
          0.0,
          1.0
        ]
      ]
    },
    {
      "file_path": "./images/35.jpg",
      "sharpness": 365.738676664015,
      "transform_matrix": [
        [
          0.631923083461997,
          0.6263616366919466,
          -0.4564474961397633,
          -1.737686112915749
        ],
        [
          -0.7622460683088357,
          0.3957485742662546,
          -0.5122147960714392,
          -1.9319367824852174
        ],
        [
          -0.14019325218042525,
          0.6716056626502684,
          0.7275243542339439,
          2.7695216133194283
        ],
        [
          0.0,
          0.0,
          0.0,
          1.0
        ]
      ]
    },
    {
      "file_path": "./images/22.jpg",
      "sharpness": 818.8985087319336,
      "transform_matrix": [
        [
          0.07441088440903738,
          -0.46171258986247343,
          0.8839029950779346,
          3.7860913235012568
        ],
        [
          0.9882715709573328,
          0.1526676077207628,
          -0.0034501580981217894,
          0.4977114799422328
        ],
        [
          -0.13335037428484664,
          0.8737929308349941,
          0.46765755822527916,
          2.0001715592234226
        ],
        [
          0.0,
          0.0,
          0.0,
          1.0
        ]
      ]
    },
    {
      "file_path": "./images/24.jpg",
      "sharpness": 434.475198333003,
      "transform_matrix": [
        [
          0.21342521103517023,
          -0.4888278020961367,
          0.8458705924999663,
          3.9834245781275057
        ],
        [
          0.9680942250397322,
          0.2221948290507585,
          -0.1158577981336657,
          -0.4363519379076771
        ],
        [
          -0.13131355888221619,
          0.843609410746902,
          0.5206533505292167,
          2.0010010921873578
        ],
        [
          0.0,
          0.0,
          0.0,
          1.0
        ]
      ]
    },
    {
      "file_path": "./images/23.jpg",
      "sharpness": 643.8862765770782,
      "transform_matrix": [
        [
          0.1141878416408939,
          -0.5059136080846486,
          0.8549927239690157,
          3.8429938498221228
        ],
        [
          0.9810976465601201,
          0.19276820346834048,
          -0.01696548397008638,
          0.16433604462450915
        ],
        [
          -0.1562323421698012,
          0.840768601308965,
          0.51836243534563,
          2.022650538079261
        ],
        [
          0.0,
          0.0,
          0.0,
          1.0
        ]
      ]
    },
    {
      "file_path": "./images/9.jpg",
      "sharpness": 570.2699424995654,
      "transform_matrix": [
        [
          -0.9055778466362122,
          0.290477857280507,
          -0.30911385956510673,
          -0.8004990154194721
        ],
        [
          -0.42219322899691075,
          -0.5467829262534716,
          0.7230361740241004,
          2.7831592654080675
        ],
        [
          0.04100781788830288,
          0.7852713200103206,
          0.617792289451427,
          2.2878416720438093
        ],
        [
          0.0,
          0.0,
          0.0,
          1.0
        ]
      ]
    },
    {
      "file_path": "./images/20.jpg",
      "sharpness": 649.1181028090284,
      "transform_matrix": [
        [
          -0.07647023259560237,
          -0.469597926260471,
          0.879562443060429,
          3.678797220471572
        ],
        [
          0.9941125870490063,
          0.032005649287041464,
          0.10351716130673026,
          1.1701547661441074
        ],
        [
          -0.07676241136065669,
          0.8823000771447095,
          0.4643857299022919,
          1.9605604321636
        ],
        [
          0.0,
          0.0,
          0.0,
          1.0
        ]
      ]
    },
    {
      "file_path": "./images/14.jpg",
      "sharpness": 953.5363099454762,
      "transform_matrix": [
        [
          -0.8399399383415715,
          -0.3051243541614517,
          0.4487761452440457,
          1.355871715991955
        ],
        [
          0.5415568811119464,
          -0.4181224540678599,
          0.7293077251237152,
          3.0261748232729553
        ],
        [
          -0.03488616543677643,
          0.8556124952082523,
          0.5164399418799575,
          2.206491613087762
        ],
        [
          0.0,
          0.0,
          0.0,
          1.0
        ]
      ]
    },
    {
      "file_path": "./images/17.jpg",
      "sharpness": 570.3667659967522,
      "transform_matrix": [
        [
          -0.3579001518640555,
          -0.4902511708610225,
          0.7947082929156292,
          3.325557589522631
        ],
        [
          0.9286880772674673,
          -0.09830245454365773,
          0.3575962563737262,
          1.9239296877039156
        ],
        [
          -0.09719020754293123,
          0.8660198709985011,
          0.4904728806548321,
          1.9385408194943876
        ],
        [
          0.0,
          0.0,
          0.0,
          1.0
        ]
      ]
    },
    {
      "file_path": "./images/2.jpg",
      "sharpness": 307.8740004811393,
      "transform_matrix": [
        [
          -0.5130543315586612,
          0.5336987648434627,
          -0.6722654842673759,
          -2.211889768745016
        ],
        [
          -0.858015787060304,
          -0.2968212679240588,
          0.4191730478737854,
          0.5058317442965011
        ],
        [
          0.024169444484085156,
          0.7918729464814398,
          0.6102074029774475,
          2.213115327542996
        ],
        [
          0.0,
          0.0,
          0.0,
          1.0
        ]
      ]
    },
    {
      "file_path": "./images/3.jpg",
      "sharpness": 186.87719055619064,
      "transform_matrix": [
        [
          -0.6217410903118841,
          0.4946782037560145,
          -0.6072326501517378,
          -2.038451337328396
        ],
        [
          -0.7825360456705472,
          -0.35988222349221566,
          0.5080572039063693,
          0.8361123260654748
        ],
        [
          0.032792588720027806,
          0.7910614767493417,
          0.6108570914645566,
          2.211594804665362
        ],
        [
          0.0,
          0.0,
          0.0,
          1.0
        ]
      ]
    },
    {
      "file_path": "./images/15.jpg",
      "sharpness": 739.5181156616032,
      "transform_matrix": [
        [
          -0.6506771988752819,
          -0.3969734362484578,
          0.6473262499240234,
          2.300399675406645
        ],
        [
          0.7553591792225899,
          -0.25103785997862527,
          0.6053201658809032,
          2.5538231982190664
        ],
        [
          -0.07779262979131303,
          0.8828318547899546,
          0.4632021405203433,
          2.090845207275764
        ],
        [
          0.0,
          0.0,
          0.0,
          1.0
        ]
      ]
    },
    {
      "file_path": "./images/27.jpg",
      "sharpness": 794.5837268333295,
      "transform_matrix": [
        [
          0.5853333447959485,
          -0.34296564523505557,
          0.734683225425952,
          3.5538159014754283
        ],
        [
          0.7867481657332376,
          0.4592893553852435,
          -0.41240830707655557,
          -2.5325205979938525
        ],
        [
          -0.19599030388142918,
          0.8194070138016014,
          0.5386649669150158,
          2.1246551376717453
        ],
        [
          0.0,
          0.0,
          0.0,
          1.0
        ]
      ]
    },
    {
      "file_path": "./images/34.jpg",
      "sharpness": 420.2902138779661,
      "transform_matrix": [
        [
          0.8705981975262279,
          0.4206463927999591,
          -0.2551771752180366,
          -0.876449924628603
        ],
        [
          -0.4709575806017343,
          0.5624748348799417,
          -0.6795741441528659,
          -2.5814627018826073
        ],
        [
          -0.14232967288212747,
          0.7118136500503854,
          0.6877961848422554,
          2.749815125661052
        ],
        [
          0.0,
          0.0,
          0.0,
          1.0
        ]
      ]
    },
    {
      "file_path": "./images/13.jpg",
      "sharpness": 891.556450557007,
      "transform_matrix": [
        [
          -0.916568074722969,
          -0.1981395425834946,
          0.3473379998318995,
          0.7938214875414398
        ],
        [
          0.39957089109435984,
          -0.4197351296942896,
          0.8149635107728038,
          3.2687189568370747
        ],
        [
          -0.015686536839564603,
          0.885755690142265,
          0.4638866133086063,
          2.156082555058659
        ],
        [
          0.0,
          0.0,
          0.0,
          1.0
        ]
      ]
    },
    {
      "file_path": "./images/31.jpg",
      "sharpness": 448.5290739878994,
      "transform_matrix": [
        [
          0.9245680423827887,
          -0.0478293592300366,
          0.3780030257337806,
          1.530200835856454
        ],
        [
          0.31525400159042594,
          0.6531980822912883,
          -0.6884382178327727,
          -3.173788485890539
        ],
        [
          -0.21398329268119998,
          0.7556749418390053,
          0.6190044691230229,
          2.4546735613376205
        ],
        [
          0.0,
          0.0,
          0.0,
          1.0
        ]
      ]
    },
    {
      "file_path": "./images/12.jpg",
      "sharpness": 587.37957579393,
      "transform_matrix": [
        [
          -0.9843127735196582,
          -0.08879942510539901,
          0.15245663662425227,
          0.30897003624945873
        ],
        [
          0.17622767258073502,
          -0.5364433526458954,
          0.82533165262176,
          3.1295664007782236
        ],
        [
          0.008495373009729823,
          0.8392515663074667,
          0.5436769602918973,
          2.158595577805784
        ],
        [
          0.0,
          0.0,
          0.0,
          1.0
        ]
      ]
    },
    {
      "file_path": "./images/4.jpg",
      "sharpness": 447.7919266893607,
      "transform_matrix": [
        [
          -0.6906218712716972,
          0.4612778316189245,
          -0.557013638111235,
          -1.9082142621902733
        ],
        [
          -0.7215780565447238,
          -0.38768437412325807,
          0.5736078227973834,
          1.1906048214931066
        ],
        [
          0.0486470890303561,
          0.7980749264136237,
          0.6005912691865487,
          2.251563270523555
        ],
        [
          0.0,
          0.0,
          0.0,
          1.0
        ]
      ]
    },
    {
      "file_path": "./images/16.jpg",
      "sharpness": 643.3440252164186,
      "transform_matrix": [
        [
          -0.584343529487149,
          -0.4554022078228576,
          0.6716780990328322,
          2.6700370614657025
        ],
        [
          0.8092123395821175,
          -0.26480376564090385,
          0.5244562471464992,
          2.3648292893422607
        ],
        [
          -0.06097564293458804,
          0.849992820483597,
          0.5232534530792898,
          2.0718015941141616
        ],
        [
          0.0,
          0.0,
          0.0,
          1.0
        ]
      ]
    },
    {
      "file_path": "./images/7.jpg",
      "sharpness": 723.3371414959038,
      "transform_matrix": [
        [
          -0.8183428889151744,
          0.37275830556273115,
          -0.4374541825834542,
          -1.4642991307025266
        ],
        [
          -0.5744436735619737,
          -0.5064601791468831,
          0.6430494171085821,
          2.0380320278773927
        ],
        [
          0.018148887434727336,
          0.7775277053701467,
          0.6285867365217496,
          2.3288921355105714
        ],
        [
          0.0,
          0.0,
          0.0,
          1.0
        ]
      ]
    },
    {
      "file_path": "./images/18.jpg",
      "sharpness": 561.0409007998667,
      "transform_matrix": [
        [
          -0.16233520852101715,
          -0.5134049018997127,
          0.8426521742946937,
          3.501809718220452
        ],
        [
          0.9770004910836668,
          0.03603236181812445,
          0.21017066713658825,
          1.6289274436087504
        ],
        [
          -0.1382653987744729,
          0.8573896871732548,
          0.4957475203115309,
          1.9858553972406718
        ],
        [
          0.0,
          0.0,
          0.0,
          1.0
        ]
      ]
    },
    {
      "file_path": "./images/6.jpg",
      "sharpness": 357.7988338643301,
      "transform_matrix": [
        [
          -0.7122958926232625,
          0.4344291819881137,
          -0.5512765614942817,
          -1.6168641423690822
        ],
        [
          -0.7017192156380981,
          -0.45755049353338045,
          0.5461114247771864,
          1.661044223637417
        ],
        [
          -0.014990123244777151,
          0.7758342811148634,
          0.6307586420465732,
          2.353014725945313
        ],
        [
          0.0,
          0.0,
          0.0,
          1.0
        ]
      ]
    },
    {
      "file_path": "./images/29.jpg",
      "sharpness": 586.7672030832559,
      "transform_matrix": [
        [
          0.8390203582675982,
          -0.1924686271050728,
          0.5089210803814185,
          2.67991111019581
        ],
        [
          0.5142879209289439,
          0.5858909644692516,
          -0.6262904375291316,
          -3.19753423915958
        ],
        [
          -0.17763100194313544,
          0.7872023916215346,
          0.5905587369926564,
          2.2860562589200613
        ],
        [
          0.0,
          0.0,
          0.0,
          1.0
        ]
      ]
    },
    {
      "file_path": "./images/5.jpg",
      "sharpness": 512.2990714109293,
      "transform_matrix": [
        [
          -0.7197312345304567,
          0.42482906240713075,
          -0.5490967290371823,
          -1.7464840778493058
        ],
        [
          -0.6939628725005852,
          -0.41738068699833675,
          0.586693185329512,
          1.517167879818522
        ],
        [
          0.020061945850110965,
          0.803314153931135,
          0.5952175135922663,
          2.2435524997634646
        ],
        [
          0.0,
          0.0,
          0.0,
          1.0
        ]
      ]
    },
    {
      "file_path": "./images/19.jpg",
      "sharpness": 875.320000182877,
      "transform_matrix": [
        [
          -0.19438706213146184,
          -0.5033729157236125,
          0.8419200543137091,
          3.611086637833688
        ],
        [
          0.9745134205549717,
          -0.0011282517105511577,
          0.22432636984287735,
          1.3942490466027277
        ],
        [
          -0.11196992112007588,
          0.8640685359554527,
          0.490762979451906,
          1.9598679025264845
        ],
        [
          0.0,
          0.0,
          0.0,
          1.0
        ]
      ]
    },
    {
      "file_path": "./images/1.jpg",
      "sharpness": 253.79925399960666,
      "transform_matrix": [
        [
          -0.18736255813637007,
          0.6019032067511042,
          -0.7762781728060661,
          -2.2651854794347352
        ],
        [
          -0.9821647545781755,
          -0.10213144416796145,
          0.15786564850250545,
          -0.18909286854126847
        ],
        [
          0.015737429204750842,
          0.79201117282375,
          0.6103037239839856,
          2.0571176610011843
        ],
        [
          0.0,
          0.0,
          0.0,
          1.0
        ]
      ]
    },
    {
      "file_path": "./images/11.jpg",
      "sharpness": 864.7707989738645,
      "transform_matrix": [
        [
          -0.9993197886518412,
          0.019063901657699174,
          -0.03156782739142841,
          -0.09510421671554745
        ],
        [
          -0.036745825374330694,
          -0.5870628148611206,
          0.8087069900312802,
          3.1747084043175198
        ],
        [
          -0.003115187079611605,
          0.8093168842320986,
          0.5873640068736375,
          2.097354170310376
        ],
        [
          0.0,
          0.0,
          0.0,
          1.0
        ]
      ]
    },
    {
      "file_path": "./images/36.jpg",
      "sharpness": 314.56966265949825,
      "transform_matrix": [
        [
          0.37322222887238304,
          0.7193268989705255,
          -0.5858958784261664,
          -2.2261432836936352
        ],
        [
          -0.9225793465284207,
          0.22123727482973754,
          -0.3160718550989014,
          -1.0510126631659178
        ],
        [
          -0.0977369799031738,
          0.6585004788959481,
          0.7462068092141491,
          2.8887949831134603
        ],
        [
          0.0,
          0.0,
          0.0,
          1.0
        ]
      ]
    },
    {
      "file_path": "./images/10.jpg",
      "sharpness": 762.6216409096539,
      "transform_matrix": [
        [
          -0.9535464044008793,
          0.21149813164188322,
          -0.2145175867614085,
          -0.549259035216774
        ],
        [
          -0.2981493867635578,
          -0.5607381863774484,
          0.7724504058586557,
          2.998275410608088
        ],
        [
          0.043083615078461,
          0.8005255940274328,
          0.5977479196811515,
          2.284566514806124
        ],
        [
          0.0,
          0.0,
          0.0,
          1.0
        ]
      ]
    },
    {
      "file_path": "./images/28.jpg",
      "sharpness": 805.5891828122118,
      "transform_matrix": [
        [
          0.8081452198802859,
          -0.19865789612523616,
          0.5544694256273558,
          3.044041418074691
        ],
        [
          0.5585862784682729,
          0.5570334668138416,
          -0.6145690248921393,
          -3.1542519886509766
        ],
        [
          -0.1867690368906752,
          0.8063800327386962,
          0.5611315084038824,
          2.2368496732211174
        ],
        [
          0.0,
          0.0,
          0.0,
          1.0
        ]
      ]
    },
    {
      "file_path": "./images/26.jpg",
      "sharpness": 890.157761916263,
      "transform_matrix": [
        [
          0.40838868579744286,
          -0.4148692862172568,
          0.8130818880838584,
          3.6973237876318863
        ],
        [
          0.8944060721465062,
          0.3598261272834159,
          -0.26563685029045686,
          -1.5315262981097473
        ],
        [
          -0.18236353648050047,
          0.8357084620440408,
          0.5180105279766587,
          2.1162941063554968
        ],
        [
          0.0,
          0.0,
          0.0,
          1.0
        ]
      ]
    },
    {
      "file_path": "./images/21.jpg",
      "sharpness": 591.1314000323692,
      "transform_matrix": [
        [
          -0.024010158570154646,
          -0.4472252042470149,
          0.8940990599678779,
          3.796103545036533
        ],
        [
          0.9955307924326783,
          0.07101288819143989,
          0.062254405704584084,
          0.8801308681283393
        ],
        [
          -0.09133429588407958,
          0.8915978838357917,
          0.4435214312738958,
          1.989798276513987
        ],
        [
          0.0,
          0.0,
          0.0,
          1.0
        ]
      ]
    },
    {
      "file_path": "./images/32.jpg",
      "sharpness": 688.0586470601738,
      "transform_matrix": [
        [
          0.9785766332010921,
          0.12073932769755523,
          0.166762668975248,
          0.8643732938625397
        ],
        [
          0.053184359404805814,
          0.6342483735321094,
          -0.7712978831729871,
          -3.2932750286699655
        ],
        [
          -0.19889493943227846,
          0.7636432514326356,
          0.614239194185759,
          2.5526773689827715
        ],
        [
          0.0,
          0.0,
          0.0,
          1.0
        ]
      ]
    },
    {
      "file_path": "./images/25.jpg",
      "sharpness": 869.089556448705,
      "transform_matrix": [
        [
          0.23422334042167298,
          -0.4644796673448836,
          0.854048046358453,
          3.886545940002847
        ],
        [
          0.9575791927963738,
          0.26191795025750914,
          -0.12017103168778698,
          -0.9230468781880057
        ],
        [
          -0.1678735129008014,
          0.8459654993050796,
          0.506123362152153,
          2.0292135388885177
        ],
        [
          0.0,
          0.0,
          0.0,
          1.0
        ]
      ]
    },
    {
      "file_path": "./images/8.jpg",
      "sharpness": 936.2774533713347,
      "transform_matrix": [
        [
          -0.8845488308138431,
          0.28748976187056663,
          -0.36731866654072776,
          -1.1824543465275974
        ],
        [
          -0.46641898503941026,
          -0.536425381161618,
          0.7033499419499342,
          2.429131475416527
        ],
        [
          0.005166851615976208,
          0.7934717684387547,
          0.608585126666271,
          2.291974551529782
        ],
        [
          0.0,
          0.0,
          0.0,
          1.0
        ]
      ]
    },
    {
      "file_path": "./images/30.jpg",
      "sharpness": 566.7413889855194,
      "transform_matrix": [
        [
          0.9159778718300259,
          -0.0723871306588532,
          0.3946449565071186,
          2.136222676335669
        ],
        [
          0.352301742672411,
          0.6158065551208037,
          -0.7047451800337392,
          -3.2123023962353017
        ],
        [
          -0.19201046973414893,
          0.7845650961041086,
          0.589567290096703,
          2.3618703315110707
        ],
        [
          0.0,
          0.0,
          0.0,
          1.0
        ]
      ]
    }
  ]
}